      0.1952
      0.1784
      0.9139
          30
      0  1.000000e+00 -2.946345e-01  0.000000e+00  0.000000e+00  1.000000e+00  0.000000e+00
      1  1.263130e+00 -6.613139e-02  0.000000e+00  0.000000e+00  1.263130e+00  0.000000e+00
      2  1.461548e+00  3.153558e-01  0.000000e+00  0.000000e+00  1.461548e+00  0.000000e+00
      3  1.157671e+00  9.597619e-02  0.000000e+00  0.000000e+00  1.157671e+00  0.000000e+00
      4  1.035912e+00  2.852523e-02  0.000000e+00  0.000000e+00  1.035912e+00  0.000000e+00
      5  9.285150e-01 -2.078375e-03  0.000000e+00  0.000000e+00  9.285150e-01  0.000000e+00
      6  8.044178e-01 -4.257401e-03  0.000000e+00  0.000000e+00  8.044178e-01  0.000000e+00
      7  6.895276e-01 -1.221014e-02  0.000000e+00  0.000000e+00  6.895276e-01  0.000000e+00
      8  5.514468e-01 -1.582348e-02  0.000000e+00  0.000000e+00  5.514468e-01  0.000000e+00
      9  4.382581e-01 -1.330029e-02  0.000000e+00  0.000000e+00  4.382581e-01  0.000000e+00
     10  3.171542e-01 -1.909449e-02  0.000000e+00  0.000000e+00  3.171542e-01  0.000000e+00
     11  2.133796e-01 -9.187733e-03  0.000000e+00  0.000000e+00  2.133796e-01  0.000000e+00
     12  1.322097e-01 -1.007264e-02  0.000000e+00  0.000000e+00  1.322097e-01  0.000000e+00
     13  5.972397e-02  3.689710e-03  0.000000e+00  0.000000e+00  5.972397e-02  0.000000e+00
     14  3.322668e-02 -8.415123e-04  0.000000e+00  0.000000e+00  3.322668e-02  0.000000e+00
     15  6.431279e-03  3.026377e-03  0.000000e+00  0.000000e+00  6.431279e-03  0.000000e+00
     16  1.919070e-03  7.970755e-04  0.000000e+00  0.000000e+00  1.919070e-03  0.000000e+00
     17  4.247024e-04  2.073907e-04  0.000000e+00  0.000000e+00  4.247024e-04  0.000000e+00
     18  7.925479e-05  4.456562e-05  0.000000e+00  0.000000e+00  7.925479e-05  0.000000e+00
     19  1.284129e-05  8.085945e-06  0.000000e+00  0.000000e+00  1.284129e-05  0.000000e+00
     20  1.843277e-06  1.269946e-06  0.000000e+00  0.000000e+00  1.843277e-06  0.000000e+00
     21  2.379767e-07  1.760772e-07  0.000000e+00  0.000000e+00  2.379767e-07  0.000000e+00
     22  2.793039e-08  2.186463e-08  0.000000e+00  0.000000e+00  2.793039e-08  0.000000e+00
     23  2.980181e-09  2.438267e-09  0.000000e+00  0.000000e+00  2.980180e-09  0.000000e+00
     24  2.872014e-10  2.439546e-10  0.000000e+00  0.000000e+00  2.872017e-10  0.000000e+00
     25  2.517663e-11  2.201518e-11  0.000000e+00  0.000000e+00  2.517658e-11  0.000000e+00
     26  1.989354e-12  1.778559e-12  0.000000e+00  0.000000e+00  1.987665e-12  0.000000e+00
     27  1.402634e-13  1.266971e-13  0.000000e+00  0.000000e+00  1.400819e-13  0.000000e+00
     28  8.292669e-15  7.826730e-15  0.000000e+00  0.000000e+00  8.659138e-15  0.000000e+00
     29  1.239042e-15  4.472614e-16  0.000000e+00  0.000000e+00  1.169239e-15  0.000000e+00
     30 -1.842815e-15  1.308818e-16  0.000000e+00  0.000000e+00 -7.364281e-16  0.000000e+00
